xGridMin = 1.560324430466;
xGridMax = 1.581268310547;
nXGrid = 1
nRFCycles = 10.000000000000;
species_number = 0;
species_amu = 2.000000000000;
species_Z = 1.000000000000;
runIdent = "2keV_e";
nP_Vx = 100;
nP_Vy = 100;
nP_Vz = 1000;
nThermal = 3;
nPhi = 0;
ky = 0.000000000000;
T_keV = 0.100000004750;
input_fName = "input/input-data.nc";
kz = 200.000000000000;
nStepsPerCyclotronPeriod = 100.000000000000;
